1.000000000000000000e+00 5.625000000000000000e-01 4.358974358974359031e-01
5.625000000000000000e-01 1.000000000000000000e+00 4.285714285714285476e-01
4.358974358974359031e-01 4.285714285714285476e-01 1.000000000000000000e+00
6.153846153846154188e-01 3.850931677018633592e-01 4.571428571428571286e-01
4.857142857142857095e-01 3.913043478260869734e-01 5.714285714285713969e-01
7.777777777777777901e-01 4.107142857142856984e-01 4.722222222222222099e-01
5.999999999999999778e-01 3.826530612244897767e-01 4.782608695652174058e-01
3.974358974358974117e-01 5.999999999999999778e-01 4.523809523809523836e-01
5.333333333333333259e-01 5.999999999999999778e-01 4.333333333333333481e-01
5.294117647058823595e-01 5.833333333333333703e-01 4.473684210526315819e-01
